	   0.00000000 
	   0.00000000 
	   0.00000000 
	   0.00000000 
	   0.00000000 
	   0.00000000 
	   0.00000000 
	   0.00000000 
	   0.00000000 
	 24735.00000000 
	 5921.00000000 
	 361.00000000 
	  54.00000000 
	   5.00000000 
	   0.00000000 
	   0.00000000 
	   0.00000000 
	 6114.00000000 
	 25532.00000000 
	 4826.00000000 
	 364.00000000 
	  83.00000000 
	   1.00000000 
	   0.00000000 
	   0.00000000 
	 252.00000000 
	 5071.00000000 
	 48132.00000000 
	 6075.00000000 
	 236.00000000 
	  20.00000000 
	   0.00000000 
	   0.00000000 
	   8.00000000 
	 407.00000000 
	 6385.00000000 
	 70571.00000000 
	 3531.00000000 
	 121.00000000 
	   0.00000000 
	   0.00000000 
	   0.00000000 
	  20.00000000 
	 205.00000000 
	 3777.00000000 
	 30782.00000000 
	 1534.00000000 
	   0.00000000 
	   0.00000000 
	   0.00000000 
	   1.00000000 
	  20.00000000 
	  77.00000000 
	 1660.00000000 
	 14743.00000000 
	   3.00000000 
	   0.00000000 
	   0.00000000 
	   0.00000000 
	   0.00000000 
	   0.00000000 
	   0.00000000 
	   3.00000000 
	   2.00000000 
