	 586.16458879 
	 586.16458879 
	 602.90884369 
	 609.88931882 
	 621.38444686 
	 626.02814057 
	 625.10981685 
	 645.18532316 
	 664.55210283 
	 657.30940198 
	 630.57095038 
	 614.76757245 
	 585.22864309 
	 546.06528023 
	 521.38764764 
	 500.04732057 
	 465.56173987 
	 464.03143186 
	 479.20021466 
	 498.61027769 
	 531.11680661 
	 584.12607817 
	 640.77372170 
	 717.88143903 
	 788.45281320 
	 768.64748483 
	 762.37994084 
	 804.42377072 
	 846.52331216 
	 894.49659339 
	 881.56687215 
	 839.69777736 
	 798.45478097 
	 904.80493266 
	 1071.56198097 
	 1233.61970495 
	 1366.68814051 
	 1442.70223365 
	 1090.67292204 
	 723.93204000 
	 715.83400309 
	 798.23511761 
	 813.18830733 
	 747.42014363 
	 798.41180308 
	 792.42603961 
	 736.56013511 
	 666.97940373 
	 663.59073769 
	 605.05057143 
	 543.86857995 
	 539.84805326 
	 518.42692926 
	 493.00926110 
	 472.32631352 
	 500.78482522 
	 533.77771622 
	 535.74857866 
	 523.46592990 
	 524.78207524 
	 697.25070245 
	 1278.37918514 
	 1608.51205285 
	 2128.84434764 
	 2504.79214732 
	 2382.09824719 
	 2480.96328047 
	 3115.40115628 
	 4574.25776062 
	 4628.78849867 
	 4241.56384552 
	 3297.62448830 
	 2810.73433486 
	 1445.46268386 
	 982.10221217 
	 918.42740444 
	 941.75758306 
	 849.74469970 
	 802.54824770 
	 704.09718007 
	 666.70574041 
	 669.12695676 
	 666.70498234 
	 663.90848577 
	 678.66261311 
	 673.39875845 
	 701.74866179 
	 717.34150326 
	 663.11001162 
	 646.87279739 
	 757.60921137 
	 719.35127145 
	 645.51746751 
	 640.74214122 
	 677.71392436 
	 764.62342931 
	 732.06003730 
	 688.50517413 
	 688.67027870 
	 596.08977462 
	 650.07859429 
	 779.11180800 
	 739.24272019 
	 733.84391255 
	 645.54458771 
	 640.62305666 
	 567.92478559 
	 934.89238734 
	 928.78362749 
	 796.49367678 
	 821.24339973 
	 1027.84411793 
	 1087.49883731 
	 890.31682758 
	 745.71751028 
	 900.24430142 
	 922.16448805 
	 924.42987855 
	 995.36854306 
	 1102.45973331 
	 1029.95236392 
	 904.04906605 
	 778.21781738 
	 721.53885714 
	 719.50318624 
	 697.36514920 
	 659.68963605 
	 646.73987481 
	 636.15904157 
	 608.66108543 
	 638.98897057 
	 654.91841606 
	 674.64776765 
	 710.89329658 
	 732.09301307 
	 713.76554268 
	 737.22968550 
	 788.99092484 
	 719.47458998 
	 677.89396671 
	 693.03420740 
	 626.45887477 
	 561.52759483 
	 593.04422986 
	 566.02183428 
	 599.28502636 
	 673.80584442 
	 691.58564566 
	 638.94996319 
	 631.15084754 
	 678.89662718 
	 630.04734350 
	 658.58250459 
	 736.83353242 
	 829.43924832 
	 936.69821369 
	 959.02252769 
	 945.02258819 
	 1031.91640705 
	 1012.70256701 
	 1028.78068480 
	 982.26849348 
	 799.53344898 
	 730.64411211 
	 749.27957444 
	 684.24490944 
	 687.83385488 
	 591.28693139 
	 530.06583173 
	 493.85512705 
	 483.96248792 
	 489.09689757 
	 537.64894035 
	 492.76336548 
	 470.81235473 
	 471.71422842 
	 427.44435310 
	 481.31553158 
	 567.63864984 
	 410.56782700 
	 396.63339456 
	 353.04639204 
	 355.98464478 
	 362.82107518 
	 376.54167677 
	 376.39020793 
	 381.57777763 
	 418.06036294 
	 437.96344725 
	 459.54832406 
	 446.73096549 
	 405.04849150 
	 394.06852667 
	 371.44164083 
	 350.61328923 
	 365.31352612 
	 384.24218750 
	 393.43227942 
	 399.88725456 
	 405.65725253 
	 428.90904662 
	 456.58892519 
	 464.00864563 
	 466.57299814 
	 470.93842730 
	 454.58024900 
	 457.32154717 
	 460.35799930 
	 440.60946746 
	 438.51133369 
	 434.89393872 
	 446.32635551 
	 428.48127499 
	 425.03312591 
	 425.00987013 
	 448.63227829 
	 482.03063130 
	 490.60425570 
	 467.28951532 
	 475.30745288 
	 470.17800189 
	 497.36399169 
	 497.08062643 
	 506.16670891 
	 511.55924882 
	 532.91313730 
	 560.63774328 
	 579.90702638 
	 584.10238835 
	 580.23133984 
	 582.28944811 
	 574.29186763 
	 574.16047176 
	 560.95463669 
	 515.32222767 
	 510.16555712 
	 525.90085383 
	 551.57300979 
	 578.23738978 
	 630.77401698 
	 658.07316142 
	 689.39392353 
	 774.58241095 
	 852.62639358 
	 920.56426661 
	 909.03867700 
	 905.28206219 
	 907.69100982 
	 910.72115601 
	 897.80206497 
	 821.51259490 
	 858.89344320 
	 851.25192127 
	 824.84722482 
	 835.57450921 
	 857.16721777 
	 883.56406757 
	 922.57703257 
	 910.07328789 
	 996.51126585 
	 983.61918509 
	 1000.12994631 
	 1072.21923580 
	 1111.69801587 
	 1118.82261918 
	 1075.25863317 
	 1073.44183606 
	 1015.38867566 
	 996.92892633 
	 921.03691138 
	 909.45538179 
	 960.65964142 
	 1073.22491765 
	 1164.94254201 
	 1190.63705860 
	 1219.47034569 
	 1161.62098837 
	 1163.74636364 
	 1236.50788187 
	 1230.33383938 
	 1243.41859806 
	 1187.96264589 
	 1148.86535061 
	 1152.85979016 
	 1083.99654613 
	 985.44850612 
	 932.52391118 
	 897.91578535 
	 963.51270473 
	 998.07851116 
	 886.69375977 
	 709.38569028 
	 667.62061571 
	 675.23053542 
	 722.69915348 
	 786.79524174 
	 824.76243470 
	 778.29546559 
	 704.75858302 
	 659.38327506 
	 621.72768540 
	 616.95947353 
	 607.90298030 
	 586.00827365 
	 575.43228921 
	 614.42801691 
	 614.01467513 
	 625.43778185 
	 593.19905671 
	 566.18676069 
	 558.87637411 
	 595.23331822 
	 751.08531647 
	 805.69219241 
	 820.83225305 
	 773.62899853 
	 736.63374786 
	 661.87960211 
	 617.51158333 
	 610.68888863 
	 637.31196183 
	 657.80686672 
	 638.15115681 
	 619.72830517 
	 592.73940319 
	 571.59933158 
	 545.95833422 
	 522.98835828 
	 525.95343660 
	 514.76907864 
	 519.71299459 
	 516.29393874 
	 539.42391774 
	 559.12383178 
	 568.92751710 
	 605.17346824 
	 603.49005633 
	 600.70743528 
	 585.49923561 
	 563.65044226 
	 529.17367793 
	 502.34409618 
	 483.72729556 
	 475.08909124 
	 454.29293056 
	 428.43587874 
	 404.79993832 
	 389.41975165 
	 377.52607372 
	 376.26045002 
	 386.96192243 
	 405.85835951 
	 420.95619979 
	 395.28995497 
	 388.47221935 
	 397.36375823 
	 390.27913510 
	 413.38482504 
	 407.13443100 
	 420.08372053 
	 410.24605751 
	 417.91947233 
	 423.25878933 
	 406.11856589 
	 412.13331343 
	 425.07309979 
	 430.61926011 
	 422.99676007 
	 407.92978324 
	 404.24212702 
	 405.64251876 
	 409.34287665 
	 422.33682394 
	 432.49697422 
	 448.62529196 
	 465.43147374 
	 505.71415310 
	 499.93127441 
	 492.82764972 
	 506.28627863 
	 470.18955523 
	 455.04600990 
	 460.50363143 
	 466.54054390 
	 482.80322205 
	 493.30118314 
	 502.04675885 
	 508.18182602 
	 525.93175807 
	 526.20248736 
	 541.55271376 
	 563.22469608 
	 564.46042555 
	 577.18610835 
	 593.17056768 
	 598.40026841 
	 603.42008514 
	 614.15667245 
	 634.89973076 
	 655.56600863 
	 658.40550809 
	 670.41295548 
	 681.59260241 
	 685.80533019 
	 679.44257923 
	 675.66400807 
	 680.36467047 
	 698.29386641 
	 704.96768337 
	 706.62741893 
	 713.85841057 
	 721.73243249 
	 728.53076012 
	 737.28506312 
	 739.37230789 
	 752.02777510 
	 733.86075468 
	 698.37736127 
	 693.08447595 
	 671.96726354 
	 693.31743006 
	 683.01278870 
	 678.31641341 
	 674.45741072 
	 664.79446360 
	 663.08055849 
	 661.92300079 
	 660.45686807 
	 666.50711413 
	 656.13947589 
	 647.87862912 
	 653.28461266 
	 653.73938679 
	 656.56012152 
	 649.29525147 
	 648.32782838 
	 641.75219796 
	 629.49169401 
	 616.26290966 
	 608.55602782 
	 597.91926596 
	 588.80602118 
	 581.08375490 
	 575.38040199 
	 579.84242475 
	 574.35321971 
	 580.23177754 
	 588.24349514 
	 591.51816675 
	 571.04105806 
	 561.76218086 
	 566.20996300 
	 555.52823784 
	 555.63937710 
	 551.07225490 
	 538.28968375 
	 532.68771444 
	 532.39162939 
	 526.17186527 
	 528.07431583 
	 523.66221316 
	 520.20933524 
	 520.11740456 
	 516.19492181 
	 510.10196462 
	 510.99002047 
	 515.27633865 
	 511.71833703 
	 510.75883396 
	 511.21672607 
	 506.54189322 
	 506.78880491 
	 501.00646837 
	 502.21822327 
	 502.76076669 
	 494.66548075 
	 502.29841629 
	 512.82000638 
	 517.99214674 
	 515.47096670 
	 521.88106161 
	 523.07559096 
	 518.60336941 
	 517.62492814 
	 516.06474494 
	 530.10757873 
	 522.92692951 
	 522.49375626 
	 512.93881335 
	 511.42719854 
	 506.57593132 
	 500.15097139 
	 500.48993808 
	 494.80031556 
	 491.82188639 
	 485.39604654 
	 486.36642816 
	 482.28120356 
	 473.15901606 
	 471.38195208 
	 469.49471252 
	 466.63331570 
	 462.31985954 
	 462.28111075 
	 453.48338319 
	 449.65184324 
	 452.29147176 
	 454.69223176 
	 454.55002481 
	 449.48084956 
	 452.60719098 
	 448.06786514 
