	  94.79492188 
	  94.79492188 
	  95.31445313 
	  95.22265625 
	  95.39843750 
	  95.86718750 
	  95.92187500 
	  97.16992188 
	  98.16210938 
	  99.12304688 
	 100.99414063 
	 103.01171875 
	 104.90039063 
	 106.09375000 
	 107.77734375 
	 108.11718750 
	 109.87890625 
	 110.87695313 
	 111.23046875 
	 110.96289063 
	 110.06640625 
	 109.25000000 
	 107.73828125 
	 106.04101563 
	 104.24804688 
	 103.34765625 
	 104.41601563 
	 108.03710938 
	 113.49218750 
	 119.17187500 
	 125.21679688 
	 131.18554688 
	 137.29296875 
	 143.86523438 
	 149.38671875 
	 154.55468750 
	 158.91406250 
	 162.88671875 
	 165.99804688 
	 168.33398438 
	 169.75781250 
	 170.87890625 
	 171.26953125 
	 171.93945313 
	 172.19140625 
	 172.32421875 
	 172.24414063 
	 172.43554688 
	 172.88281250 
	 173.05468750 
	 173.00390625 
	 173.17968750 
	 173.02343750 
	 171.72070313 
	 169.45507813 
	 166.06054688 
	 161.57421875 
	 157.29687500 
	 152.48046875 
	 146.25195313 
	 139.19531250 
	 130.54882813 
	 120.87890625 
	 111.87890625 
	 103.88476563 
	  96.04296875 
	  89.78906250 
	  83.53906250 
	  77.99804688 
	  78.32421875 
	  80.25976563 
	  80.96484375 
	  82.18750000 
	  82.94140625 
	  83.96093750 
	  85.92773438 
	  86.89648438 
	  87.15820313 
	  87.24609375 
	  87.46289063 
	  87.80273438 
	  88.32031250 
	  89.34765625 
	  89.28515625 
	  89.90820313 
	  89.55664063 
	  89.90625000 
	  89.92968750 
	  88.19921875 
	  88.26367188 
	  88.05273438 
	  86.93750000 
	  86.05273438 
	  86.85156250 
	  87.05859375 
	  86.58398438 
	  86.83203125 
	  86.58007813 
	  86.42968750 
	  85.06054688 
	  86.24804688 
	  88.02929688 
	  88.98242188 
	  90.90625000 
	  91.16210938 
	  90.26562500 
	  89.10156250 
	  90.29492188 
	  90.52734375 
	  91.42968750 
	  91.68945313 
	  93.28906250 
	  94.96093750 
	  95.98632813 
	  97.27734375 
	  96.74218750 
	  96.24609375 
	  95.61914063 
	  97.71093750 
	 103.32421875 
	 108.40820313 
	 110.77734375 
	 109.06835938 
	 110.32421875 
	 112.66992188 
	 114.93359375 
	 116.39257813 
	 116.65234375 
	 114.44726563 
	 113.04296875 
	 112.53125000 
	 112.77148438 
	 111.02148438 
	 109.21679688 
	 109.18945313 
	 107.64257813 
	 106.40234375 
	 106.32031250 
	 105.69140625 
	 102.32421875 
	 101.27929688 
	 102.07421875 
	 101.02734375 
	 101.00390625 
	 101.34570313 
	 101.18359375 
	 102.95898438 
	 104.82031250 
	 102.61914063 
	 101.92968750 
	 104.59960938 
	 104.97070313 
	 102.67578125 
	 104.28710938 
	 105.85546875 
	 109.11523438 
	 113.90625000 
	 116.07226563 
	 114.73632813 
	 113.98632813 
	 113.13476563 
	 112.28515625 
	 110.31054688 
	 109.75781250 
	 109.13085938 
	 108.04687500 
	 106.75390625 
	 104.57226563 
	 101.36718750 
	  99.33203125 
	  99.12695313 
	 100.11328125 
	 101.94140625 
	 102.60546875 
	 100.40820313 
	  99.09765625 
	  96.26757813 
	  95.66406250 
	  94.41796875 
	  92.29882813 
	  89.41992188 
	  89.14453125 
	  89.45312500 
	  89.79492188 
	  90.61718750 
	  89.96289063 
	  89.58593750 
	  89.55859375 
	  91.42187500 
	  94.45703125 
	  94.90234375 
	  93.18359375 
	  92.43750000 
	  92.56250000 
	  92.70703125 
	  93.46875000 
	  93.02148438 
	  93.45507813 
	  94.64257813 
	  94.75195313 
	  95.29882813 
	  95.96875000 
	  95.52734375 
	  95.44726563 
	  97.23828125 
	  98.35742188 
	  99.11132813 
	  99.74804688 
	  99.35546875 
	 100.10546875 
	 100.47656250 
	 100.76757813 
	  99.29687500 
	  99.85546875 
	 100.03906250 
	 103.58398438 
	 108.18164063 
	 109.09765625 
	 108.08203125 
	 108.18554688 
	 111.15429688 
	 114.46289063 
	 113.83984375 
	 114.12890625 
	 115.66796875 
	 117.43359375 
	 119.18945313 
	 121.66406250 
	 122.75000000 
	 122.71875000 
	 123.07617188 
	 123.78320313 
	 123.42187500 
	 123.40820313 
	 122.90429688 
	 123.42382813 
	 124.07031250 
	 125.09765625 
	 127.02929688 
	 129.87890625 
	 132.03710938 
	 133.70703125 
	 135.79101563 
	 137.19726563 
	 138.09765625 
	 139.23437500 
	 139.53515625 
	 139.88476563 
	 140.32617188 
	 140.22070313 
	 142.01367188 
	 143.75195313 
	 143.98437500 
	 143.85156250 
	 143.22656250 
	 143.59765625 
	 144.08984375 
	 146.07421875 
	 146.48437500 
	 145.69921875 
	 145.14648438 
	 145.62109375 
	 145.50195313 
	 145.56640625 
	 145.91796875 
	 145.43554688 
	 145.45898438 
	 146.88281250 
	 148.55664063 
	 149.30664063 
	 150.08398438 
	 150.28320313 
	 151.00585938 
	 151.99609375 
	 152.41796875 
	 151.83789063 
	 151.31640625 
	 151.68945313 
	 151.66601563 
	 151.15820313 
	 150.58984375 
	 150.03320313 
	 149.38476563 
	 149.35351563 
	 149.54296875 
	 149.84375000 
	 149.81835938 
	 149.62890625 
	 150.10351563 
	 150.47656250 
	 151.80664063 
	 153.48632813 
	 154.29882813 
	 154.25781250 
	 154.53320313 
	 154.49218750 
	 154.35937500 
	 155.11914063 
	 155.47851563 
	 155.76757813 
	 156.66015625 
	 157.57617188 
	 157.61523438 
	 157.72265625 
	 158.37109375 
	 158.76757813 
	 159.96289063 
	 160.93750000 
	 162.17187500 
	 163.37695313 
	 164.72851563 
	 165.07031250 
	 165.30468750 
	 165.36914063 
	 165.37500000 
	 164.04296875 
	 162.43945313 
	 160.39648438 
	 158.47851563 
	 156.22460938 
	 154.27343750 
	 152.01757813 
	 151.09570313 
	 149.97656250 
	 148.94335938 
	 147.76171875 
	 146.31250000 
	 144.74414063 
	 144.11914063 
	 144.57031250 
	 144.46289063 
	 144.68750000 
	 145.48437500 
	 146.06250000 
	 146.70898438 
	 147.17578125 
	 147.08203125 
	 146.07031250 
	 144.49023438 
	 143.27148438 
	 141.26757813 
	 139.80468750 
	 138.37304688 
	 136.99023438 
	 134.84570313 
	 133.48046875 
	 131.92187500 
	 129.82812500 
	 129.07812500 
	 130.01367188 
	 130.45703125 
	 131.65429688 
	 131.24023438 
	 129.07617188 
	 128.81835938 
	 129.69531250 
	 128.89648438 
	 129.84179688 
	 128.63476563 
	 129.15429688 
	 128.33203125 
	 128.44726563 
	 127.08203125 
	 123.75781250 
	 122.16406250 
	 123.70117188 
	 125.89257813 
	 126.82812500 
	 123.69531250 
	 123.85742188 
	 123.62890625 
	 121.96679688 
	 121.06250000 
	 121.97070313 
	 123.96679688 
	 127.21875000 
	 128.47460938 
	 129.01171875 
	 126.81054688 
	 123.13476563 
	 118.79882813 
	 116.85351563 
	 116.85742188 
	 116.36132813 
	 116.60546875 
	 117.05078125 
	 118.69726563 
	 119.28125000 
	 120.64257813 
	 121.08203125 
	 122.53710938 
	 123.40039063 
	 124.85937500 
	 125.30468750 
	 125.70117188 
	 126.12109375 
	 126.56640625 
	 127.28710938 
	 128.53515625 
	 129.44140625 
	 129.33203125 
	 129.91601563 
	 130.55859375 
	 131.43945313 
	 132.19140625 
	 131.82812500 
	 132.35156250 
	 132.52539063 
	 133.06835938 
	 132.99804688 
	 133.05078125 
	 132.50390625 
	 132.33398438 
	 132.24023438 
	 131.84765625 
	 131.05859375 
	 129.00195313 
	 126.63085938 
	 124.00000000 
	 123.80859375 
	 125.74023438 
	 126.47460938 
	 127.47656250 
	 128.10546875 
	 128.04492188 
	 128.30859375 
	 128.67187500 
	 128.23828125 
	 128.01757813 
	 128.45898438 
	 129.03515625 
	 129.29492188 
	 129.69335938 
	 130.29296875 
	 131.10937500 
	 132.12695313 
	 133.12304688 
	 133.56445313 
	 133.50781250 
	 133.82031250 
	 133.60156250 
	 133.64648438 
	 132.55664063 
	 131.51367188 
	 130.83984375 
	 130.78906250 
	 130.94726563 
	 130.84960938 
	 131.08593750 
	 131.53320313 
	 132.11132813 
	 133.03906250 
	 134.02929688 
	 134.17578125 
	 134.19531250 
	 134.20507813 
	 134.67187500 
	 134.85156250 
	 135.19335938 
	 135.13671875 
	 135.46875000 
	 135.71484375 
	 135.78125000 
	 136.18164063 
	 135.25390625 
	 134.93359375 
	 134.84765625 
	 134.68750000 
	 134.89062500 
	 134.66601563 
	 134.27148438 
	 134.40039063 
	 134.30468750 
	 133.93359375 
	 134.14843750 
	 133.97656250 
	 133.83398438 
	 134.41015625 
	 134.57812500 
	 134.95703125 
	 135.15820313 
	 135.28710938 
	 135.40234375 
	 135.40039063 
	 135.51757813 
	 135.26953125 
	 135.02343750 
	 134.99023438 
	 134.93554688 
	 134.48046875 
	 134.23437500 
	 133.58593750 
	 133.21679688 
	 133.00781250 
	 132.56445313 
	 132.56835938 
	 132.02734375 
	 132.02929688 
	 131.23437500 
	 131.33203125 
	 131.19335938 
	 130.56250000 
	 130.51367188 
	 130.54882813 
	 130.46289063 
	 130.09179688 
	 129.90429688 
	 129.97851563 
	 130.15625000 
	 130.47265625 
	 130.13476563 
	 130.27929688 
