	  71.38143291 
	  71.38143291 
	  73.49820763 
	  75.36022189 
	  80.28470019 
	  85.06129752 
	  95.11409276 
	 107.84247890 
	 126.29481380 
	 124.32068551 
	 113.51159799 
	 108.54163787 
	 101.36191501 
	  88.15531960 
	  86.20570302 
	  79.49658520 
	  78.14360835 
	  99.12913889 
	 127.67841215 
	 151.42082976 
	 167.38902730 
	 183.81274204 
	 188.90638275 
	 201.66865692 
	 197.68085039 
	 145.07369413 
	  48.27539772 
	 -56.00193738 
	 -165.80411202 
	 -247.51800275 
	 -295.07192921 
	 -297.54164070 
	 -289.56334613 
	 -318.98554145 
	 -358.41202838 
	 -386.81611027 
	 -416.10876642 
	 -412.11143549 
	 -274.14750416 
	 -141.48738324 
	 -118.52861190 
	 -125.97402609 
	 -170.06349155 
	 -161.65797471 
	 -191.90870321 
	 -199.39599747 
	 -185.87930173 
	 -164.40067963 
	 -141.81439208 
	 -110.46589966 
	 -132.24930938 
	 -121.94839499 
	 -132.05288013 
	 -117.52997575 
	 -81.84396867 
	 -47.76941221 
	 -15.61501614 
	  -6.76388736 
	   0.22022772 
	  18.69721967 
	  87.77187696 
	  81.53304086 
	 194.05159184 
	 459.57900924 
	 591.71683356 
	 585.66582130 
	 592.44979223 
	 679.72039907 
	 792.97393984 
	 677.77771409 
	 609.87097396 
	 430.36595478 
	 331.37606546 
	  87.86295230 
	   7.15504857 
	 -57.09358709 
	 -99.29567276 
	 -136.66640295 
	 -128.56032997 
	 -179.48161298 
	 -159.41980227 
	 -150.74178100 
	 -152.66185845 
	 -145.14563715 
	 -126.42094761 
	 -125.36085330 
	 -139.79576767 
	 -170.45039554 
	 -119.72260068 
	 -106.01974322 
	 -77.27908396 
	 -37.02293467 
	 -27.04753456 
	 -72.11614561 
	 -75.81589298 
	 -54.03828470 
	 -54.76866646 
	 -79.11582606 
	 -60.86905129 
	 -65.88044274 
	 -49.46068706 
	 -29.96914459 
	 -82.62209361 
	 -98.11060000 
	 -102.15594038 
	 -127.48797346 
	 -110.64256398 
	  80.47826200 
	  86.22280786 
	  51.68273413 
	  58.57472202 
	 106.16107414 
	 121.28327140 
	  87.12836992 
	  72.26577689 
	  60.45214072 
	  64.51660746 
	  52.75323134 
	  54.48671281 
	 192.95117617 
	 220.54043050 
	 168.87351906 
	 154.03989974 
	 146.59382620 
	 126.78621335 
	  97.06229581 
	  58.87711048 
	  48.38711688 
	  37.24962370 
	  46.96444680 
	  55.08269158 
	  82.94167502 
	  86.35281164 
	  90.61254807 
	  90.77389911 
	  87.74779997 
	  96.33989423 
	 109.65703810 
	  62.15314837 
	  40.47316014 
	  12.52748872 
	  -7.24680970 
	 -64.92240219 
	 -104.99231979 
	 -131.24602913 
	 -101.77267552 
	 -125.66154142 
	 -133.57944157 
	 -123.54085761 
	 -139.65087416 
	 -169.35985059 
	 -163.67285686 
	 -135.02735626 
	 -182.28620123 
	 -207.75604785 
	 -101.63668358 
	 -21.57399797 
	   4.49436201 
	  17.77171526 
	  35.30290981 
	  23.20474561 
	   2.51766950 
	 -43.23388821 
	 -43.08182734 
	 -66.60579397 
	 -119.13726130 
	 -112.91767242 
	 -100.86281661 
	 -64.97910632 
	 -56.10751840 
	 -48.27514132 
	 -40.89905738 
	 -40.11203561 
	 -55.27616180 
	 -59.69574505 
	   4.38604815 
	  -0.75948993 
	  34.59369740 
	  69.00100462 
	  17.36219072 
	  33.55440304 
	  14.22590459 
	  16.67518796 
	  22.06283467 
	  27.24670327 
	  25.67813058 
	  39.96678254 
	  60.09587092 
	  59.25566556 
	  40.81335514 
	  33.75972968 
	  50.05043174 
	  41.58416241 
	  39.52688738 
	  21.15395198 
	  31.85605647 
	  43.77602715 
	  43.55539083 
	  39.28529333 
	  46.76221334 
	  58.35012728 
	  62.82355940 
	  69.43886480 
	  70.61069510 
	  59.05746065 
	  49.62906645 
	  50.01580586 
	  57.49006319 
	  54.03014875 
	  40.16210145 
	  37.37883297 
	  40.00630257 
	  38.97278815 
	  34.53575613 
	  49.08884065 
	  36.78919979 
	   3.89781812 
	  -6.18114652 
	  14.31376507 
	  20.89691305 
	  23.89113512 
	  16.58987173 
	  30.67274321 
	   8.46391719 
	 -10.25887582 
	 -17.99387770 
	 -34.06974498 
	 -51.03302626 
	 -58.69421314 
	 -67.12537367 
	 -68.11247850 
	 -59.54959116 
	 -56.96828509 
	 -49.47837226 
	 -40.20855484 
	 -52.99706800 
	 -73.21024143 
	 -89.42986468 
	 -83.02509372 
	 -84.94531971 
	 -88.53512145 
	 -96.66515585 
	 -119.42953257 
	 -137.85735104 
	 -161.35751773 
	 -149.33730040 
	 -142.15990173 
	 -150.40390212 
	 -165.92416245 
	 -164.85676951 
	 -120.72306499 
	 -112.86001609 
	 -121.11994210 
	 -109.11704636 
	 -127.50282767 
	 -146.07882336 
	 -145.09433282 
	 -133.63632977 
	 -103.07292089 
	 -141.42720730 
	 -119.95665559 
	 -128.20727706 
	 -152.12910977 
	 -191.76951668 
	 -224.45210957 
	 -206.96888626 
	 -220.36122495 
	 -182.16245702 
	 -151.55864826 
	 -120.27999509 
	 -110.77903098 
	 -133.28839777 
	 -164.85195801 
	 -184.48441268 
	 -194.95074073 
	 -205.15565383 
	 -187.01737114 
	 -192.27777547 
	 -214.45930642 
	 -209.20004441 
	 -209.20837899 
	 -171.14686290 
	 -148.56698994 
	 -150.93236263 
	 -98.00248923 
	 -36.51125640 
	  -5.68599156 
	  -4.98816025 
	 -18.32050578 
	 -24.38369023 
	  28.70245029 
	 101.41269834 
	 128.02427843 
	 130.09979811 
	 110.92033151 
	  71.33809398 
	  52.11827791 
	  42.10713363 
	  50.84068697 
	  63.30002218 
	  52.08456645 
	  33.39851035 
	  15.57428570 
	   9.45903292 
	   5.25420301 
	 -20.38400715 
	 -42.67209960 
	 -78.19854922 
	 -97.78176828 
	 -109.07826394 
	 -114.98606755 
	 -135.92702600 
	 -186.75354091 
	 -214.37708795 
	 -230.71419359 
	 -219.50471671 
	 -202.68937182 
	 -179.90422471 
	 -167.62746333 
	 -166.19817264 
	 -176.11042749 
	 -177.07885285 
	 -177.53347907 
	 -168.75007497 
	 -154.51952511 
	 -149.06447550 
	 -141.54417527 
	 -132.03886281 
	 -126.69211542 
	 -118.82448537 
	 -119.65753442 
	 -111.26645701 
	 -116.56728614 
	 -125.81449446 
	 -127.44726475 
	 -147.87202383 
	 -155.16136362 
	 -158.96503312 
	 -158.25422024 
	 -150.92345823 
	 -140.55049711 
	 -130.81497619 
	 -115.26367433 
	 -108.36704379 
	 -90.02663566 
	 -66.31810457 
	 -46.70418481 
	 -30.19989084 
	 -30.69476014 
	 -23.50675266 
	 -20.54861689 
	 -31.96908789 
	 -36.99397026 
	 -18.80066646 
	 -10.69423450 
	 -10.15281310 
	  -3.96124106 
	 -16.33305453 
	  -1.33993009 
	   4.58574885 
	  13.60534224 
	  26.92749240 
	  24.45718824 
	  16.67398826 
	   9.66196388 
	  10.26768231 
	  -4.72769833 
	  -4.31011457 
	   8.28772122 
	  -2.33312492 
	  -2.67355527 
	   4.90125268 
	  12.70523951 
	   7.11780681 
	 -18.35309026 
	 -38.58917738 
	 -64.16589751 
	 -63.27670343 
	 -46.78520632 
	 -39.49651046 
	 -20.60194914 
	  -6.24358415 
	  -8.71663597 
	  -8.98322670 
	 -11.14736174 
	 -20.31506399 
	 -39.87214199 
	 -38.36465714 
	 -45.00721197 
	 -57.08539954 
	 -61.27647190 
	 -68.00464247 
	 -78.04499162 
	 -88.29667212 
	 -101.74609793 
	 -104.74924113 
	 -108.90579082 
	 -114.20936528 
	 -117.34199345 
	 -115.20900743 
	 -112.90510835 
	 -116.77407012 
	 -111.83059669 
	 -111.85323802 
	 -107.72375913 
	 -108.10278058 
	 -104.84237861 
	 -108.91982927 
	 -98.03023246 
	 -90.03750711 
	 -84.08427641 
	 -82.46727583 
	 -90.66312870 
	 -79.90952088 
	 -78.90223014 
	 -74.76169809 
	 -82.67181445 
	 -118.82621082 
	 -124.53845497 
	 -123.92896882 
	 -141.33393792 
	 -155.60010062 
	 -148.69082680 
	 -132.75782006 
	 -118.21607540 
	 -108.33480189 
	 -106.46473324 
	 -108.00205092 
	 -115.47091450 
	 -116.13312035 
	 -105.43773195 
	 -96.37104755 
	 -87.95801731 
	 -88.37549112 
	 -84.09289214 
	 -87.35774541 
	 -81.31826499 
	 -84.43874400 
	 -83.10504268 
	 -81.39413993 
	 -66.70736391 
	 -54.89121507 
	 -31.46852417 
	 -20.94185477 
	 -16.89476773 
	 -24.66758751 
	 -24.65071809 
	 -25.87438735 
	 -40.59000759 
	 -47.27649203 
	 -52.27331546 
	 -61.74204128 
	 -74.86042114 
	 -79.50906553 
	 -74.56325581 
	 -72.63532133 
	 -68.73501737 
	 -68.68467532 
	 -67.76268869 
	 -68.38507854 
	 -66.54296336 
	 -64.25327178 
	 -60.60767678 
	 -60.39693618 
	 -62.13544236 
	 -63.27760896 
	 -65.55623686 
	 -62.08543388 
	 -57.16006077 
	 -59.16128122 
	 -57.65573638 
	 -59.02061571 
	 -54.94317272 
	 -51.76443048 
	 -52.67300048 
	 -54.25226341 
	 -56.74954761 
	 -58.45451718 
	 -60.73058606 
	 -61.20821291 
	 -62.96017744 
	 -59.90487783 
	 -56.22213224 
	 -55.38051016 
	 -55.92905359 
	 -63.51394606 
	 -56.24101635 
	 -51.66288599 
	 -43.79237015 
	 -42.10862865 
	 -38.88012155 
	 -33.45497838 
	 -37.17588106 
	 -37.45229033 
	 -41.00626497 
	 -37.37345630 
	 -38.97519193 
	 -40.95695894 
	 -40.27623406 
	 -39.17942692 
	 -40.81115541 
	 -37.36240583 
	 -38.72565816 
	 -42.27953689 
	 -41.72257901 
	 -45.51568531 
	 -42.29348972 
	 -45.86139334 
	 -51.31434162 
	 -54.83000361 
	 -53.78671621 
	 -47.33553461 
