 	  39.34098680 
 	  39.34098680 
 	  38.58237364 
 	  38.22189353 
 	  38.00681571 
 	  37.33942709 
 	  36.65892071 
 	  35.27532793 
 	  34.43629204 
 	  33.90389456 
 	  33.35103523 
 	  33.49322827 
 	  33.74480956 
 	  34.87869670 
 	  35.75231760 
 	  37.58708007 
 	  39.36632344 
 	  41.15469475 
 	  40.82790009 
 	  40.53140878 
 	  39.91448153 
 	  39.16661184 
 	  38.16907821 
 	  36.87860603 
 	  35.98595883 
 	  35.89379085 
 	  35.48093914 
 	  34.45835556 
 	  32.83785608 
 	  31.12586892 
 	  28.64216561 
 	  24.84847911 
 	  20.96834137 
 	  16.43808886 
 	  13.42190791 
 	  10.22587072 
 	   8.17569051 
 	   6.27070811 
 	   4.91791685 
 	   4.34560954 
 	   4.54074159 
 	   4.92219149 
 	   5.07185254 
 	   5.52615610 
 	   5.39101996 
 	   5.76007238 
 	   5.84209745 
 	   6.13830695 
 	   6.17376698 
 	   6.41617159 
 	   6.48466386 
 	   7.11981177 
 	   8.12304093 
 	   9.10635792 
 	  10.22974509 
 	  10.66122361 
 	  11.35593672 
 	  11.63677912 
 	  11.79205052 
 	  12.44467192 
 	  13.20487877 
 	  14.53888633 
 	  14.52876842 
 	  19.46266898 
 	  24.97020538 
 	  25.74027488 
 	  23.19496279 
 	  21.41031532 
 	  18.97598637 
 	  18.35431769 
 	  19.76012962 
 	  20.22454028 
 	  22.38385985 
 	  22.46921104 
 	  24.52560540 
 	  23.88624075 
 	  23.57855313 
 	  24.06718359 
 	  24.94271292 
 	  24.80417611 
 	  25.57231702 
 	  26.02443037 
 	  25.69176455 
 	  26.11229577 
 	  26.73698398 
 	  26.07802373 
 	  25.02677627 
 	  23.50531725 
 	  23.89792709 
 	  24.59366075 
 	  24.82957867 
 	  24.73420348 
 	  25.85272061 
 	  24.11578069 
 	  24.03113775 
 	  25.00255911 
 	  25.93622898 
 	  26.79131197 
 	  26.49016613 
 	  27.04077964 
 	  26.09876987 
 	  25.39883661 
 	  23.64309152 
 	  23.54001049 
 	  25.27576072 
 	  25.42530117 
 	  25.11120935 
 	  27.21906732 
 	  30.30883492 
 	  30.10436734 
 	  30.51045258 
 	  30.28272578 
 	  29.11974128 
 	  32.16441691 
 	  35.67856656 
 	  33.91972706 
 	  34.68948058 
 	  34.22575941 
 	  32.40446500 
 	  37.96981445 
 	  42.05791565 
 	  43.68376434 
 	  46.02506352 
 	  47.18030079 
 	  46.24674774 
 	  45.44719613 
 	  45.85636752 
 	  46.78313454 
 	  45.80573666 
 	  45.18752089 
 	  43.92676480 
 	  44.92333682 
 	  45.58978075 
 	  44.80955429 
 	  43.63598362 
 	  44.24464083 
 	  43.91107179 
 	  42.45931560 
 	  41.31458337 
 	  38.13674489 
 	  38.06028436 
 	  37.73341394 
 	  35.87496271 
 	  34.31715757 
 	  35.24812275 
 	  34.92398069 
 	  32.22791083 
 	  31.89990058 
 	  32.11015569 
 	  31.07769031 
 	  30.07540816 
 	  30.24733530 
 	  29.63800450 
 	  28.30566991 
 	  29.57167500 
 	  32.39084337 
 	  35.15310377 
 	  34.79473851 
 	  33.50956881 
 	  33.44226863 
 	  32.38539031 
 	  31.45513275 
 	  33.14345334 
 	  36.25836751 
 	  34.98952128 
 	  35.09302357 
 	  34.74275022 
 	  36.44139402 
 	  37.93162477 
 	  40.10625698 
 	  40.54696362 
 	  41.36434054 
 	  40.21376935 
 	  39.69971199 
 	  39.27408047 
 	  42.17819614 
 	  42.79785329 
 	  43.92179090 
 	  44.01544282 
 	  41.14818049 
 	  41.29343984 
 	  41.14770551 
 	  40.89490313 
 	  41.99747143 
 	  42.33440096 
 	  44.01481460 
 	  44.17289946 
 	  44.89357370 
 	  43.17363285 
 	  41.11529907 
 	  40.39194271 
 	  41.27822505 
 	  41.50971876 
 	  41.75175916 
 	  41.71696766 
 	  40.88343173 
 	  42.78528662 
 	  44.06859461 
 	  44.41213300 
 	  44.74567178 
 	  45.03174091 
 	  44.85553022 
 	  44.83751088 
 	  45.28359380 
 	  44.89171424 
 	  44.52874776 
 	  44.38187458 
 	  44.25810479 
 	  45.00570315 
 	  44.84830498 
 	  45.72597096 
 	  45.37371114 
 	  47.10655106 
 	  47.53614969 
 	  48.04542084 
 	  46.48679691 
 	  44.04721065 
 	  42.68069948 
 	  44.20616516 
 	  45.11102575 
 	  44.76013066 
 	  42.25389883 
 	  42.11815612 
 	  43.43777726 
 	  43.88143505 
 	  43.32184523 
 	  42.96056133 
 	  42.05806765 
 	  42.19542643 
 	  42.29121619 
 	  42.42908275 
 	  42.22993938 
 	  43.49165687 
 	  44.20574751 
 	  46.36818344 
 	  47.53774953 
 	  47.33185232 
 	  47.17326843 
 	  44.86667705 
 	  41.84755888 
 	  40.02734620 
 	  38.85388492 
 	  37.74615592 
 	  36.41022727 
 	  35.74839006 
 	  35.25944864 
 	  35.00297352 
 	  35.23075181 
 	  35.61636559 
 	  36.42669664 
 	  34.64030729 
 	  34.14942124 
 	  35.30432068 
 	  35.35380909 
 	  35.93508277 
 	  36.00405275 
 	  35.71149527 
 	  34.09148449 
 	  33.18859927 
 	  33.65723621 
 	  33.30597091 
 	  33.44570891 
 	  34.17412527 
 	  35.40024827 
 	  36.64289389 
 	  36.92653820 
 	  37.28451824 
 	  36.13079547 
 	  33.89105249 
 	  33.32949005 
 	  33.17608211 
 	  33.84047807 
 	  34.58812683 
 	  34.77841493 
 	  34.41437813 
 	  34.65269521 
 	  34.89886821 
 	  34.23230250 
 	  34.92933567 
 	  34.98689119 
 	  34.35118126 
 	  33.68689826 
 	  33.56167326 
 	  33.89418938 
 	  33.23653752 
 	  32.12638630 
 	  31.70263336 
 	  32.12839616 
 	  32.09975625 
 	  31.32712694 
 	  30.38493606 
 	  29.04527488 
 	  28.28825897 
 	  28.36820968 
 	  28.59048312 
 	  29.10175040 
 	  28.78008508 
 	  28.75572716 
 	  28.89266741 
 	  29.17211701 
 	  29.40116174 
 	  29.73750224 
 	  30.10435864 
 	  29.96444786 
 	  29.63388776 
 	  29.81696748 
 	  29.93065354 
 	  30.18060444 
 	  31.14208569 
 	  33.34907727 
 	  35.22178163 
 	  37.73772578 
 	  40.54801866 
 	  42.13019687 
 	  43.00866886 
 	  43.51100485 
 	  43.78885746 
 	  44.00637104 
 	  43.45116168 
 	  43.48324845 
 	  44.19782337 
 	  45.66475390 
 	  47.30622873 
 	  48.03667302 
 	  48.31767346 
 	  48.91837784 
 	  50.16984850 
 	  51.21428606 
 	  51.42352695 
 	  51.08880011 
 	  51.27633770 
 	  50.57017368 
 	  50.28972566 
 	  50.25679652 
 	  49.68175902 
 	  49.97326447 
 	  50.29487520 
 	  51.16596435 
 	  52.38439795 
 	  53.40736743 
 	  54.40703919 
 	  54.73516507 
 	  55.31577644 
 	  56.15851467 
 	  56.76891756 
 	  57.17367719 
 	  57.98327708 
 	  59.26022871 
 	  60.86497962 
 	  60.35454453 
 	  59.75417769 
 	  58.66278655 
 	  59.05404754 
 	  60.85030282 
 	  60.84750609 
 	  59.99361461 
 	  60.14072723 
 	  59.62994470 
 	  59.69761869 
 	  58.05838903 
 	  58.13826483 
 	  56.60600565 
 	  56.98629208 
 	  60.03136768 
 	  61.36854467 
 	  60.11969925 
 	  59.08587885 
 	  58.00585157 
 	  59.51671752 
 	  60.24260463 
 	  59.92718171 
 	  59.01637365 
 	  57.57707333 
 	  56.23800695 
 	  55.73192818 
 	  53.79437366 
 	  52.40885612 
 	  51.69775040 
 	  51.08617912 
 	  51.37243051 
 	  52.90249272 
 	  52.48650956 
 	  51.68674636 
 	  51.29653926 
 	  50.34900319 
 	  49.74680864 
 	  49.50463174 
 	  48.86122967 
 	  47.67522201 
 	  47.81991976 
 	  47.02789477 
 	  46.75641421 
 	  46.61865687 
 	  46.16117575 
 	  45.95716714 
 	  45.99605386 
 	  45.80546251 
 	  45.42913009 
 	  45.35447184 
 	  44.79119292 
 	  45.34537078 
 	  45.74329351 
 	  45.77307770 
 	  46.60329568 
 	  46.30671256 
 	  47.39220697 
 	  47.39373155 
 	  48.24459999 
 	  48.58955070 
 	  48.71047493 
 	  48.76419317 
 	  49.06830560 
 	  49.66308974 
 	  49.41884274 
 	  49.12654129 
 	  48.07520695 
 	  47.05817273 
 	  46.24789057 
 	  44.89069133 
 	  45.85203895 
 	  44.86759061 
 	  45.84573106 
 	  46.26135485 
 	  46.38379636 
 	  46.74747849 
 	  46.92061919 
 	  46.63319990 
 	  46.55978901 
 	  46.75235255 
 	  46.66835858 
 	  46.89396306 
 	  47.06128051 
 	  47.50644940 
 	  48.35691777 
 	  48.97664836 
 	  49.28511936 
 	  49.12596629 
 	  49.71334410 
 	  50.47484830 
 	  51.19219510 
 	  51.16858898 
 	  51.51689278 
 	  51.49066295 
 	  51.66022336 
 	  51.98767104 
 	  51.96821283 
 	  51.44829213 
 	  50.74994182 
 	  50.68312631 
 	  51.02222062 
 	  50.97324140 
 	  50.55932205 
 	  50.47288242 
 	  50.70698180 
 	  51.60842459 
 	  53.06488047 
 	  53.51695371 
 	  53.81640019 
 	  53.85967593 
 	  53.90149074 
 	  53.71264232 
 	  53.74827840 
 	  53.28661012 
 	  52.80852144 
 	  52.89969447 
 	  52.77359504 
 	  52.75390781 
 	  52.50067561 
 	  52.40818782 
 	  52.22969532 
 	  52.46743960 
 	  52.55195770 
 	  52.57946123 
 	  52.47009664 
 	  52.25978909 
 	  52.71426724 
 	  52.80494122 
 	  52.33719267 
 	  52.16312805 
 	  51.79541749 
 	  51.38523750 
 	  51.30139626 
 	  51.06714657 
 	  51.04974206 
 	  50.92083264 
 	  50.82294974 
 	  50.55971879 
 	  50.55203963 
 	  50.45190834 
 	  50.84595139 
 	  50.54233998 
 	  50.77960164 
 	  51.29941531 
 	  51.81413359 
 	  52.38406028 
 	  52.40541956 
 	  52.83548327 
 	  53.02387603 
 	  53.76177566 
 	  53.63458217 
 	  54.18356597 
 	  54.10340176 
 	  54.10122976 
 	  54.41459995 
 	  54.79571196 
 	  55.43714703 
 	  55.20150439 
 	  55.26783680 
 	  55.16975227 
 	  55.52580221 
 	  55.42502033 
 	  55.39823908 
