	 156.72656250 
	 156.72656250 
	 156.33789063 
	 156.35351563 
	 157.15625000 
	 157.87109375 
	 158.39062500 
	 158.58789063 
	 159.12109375 
	 160.22070313 
	 162.54296875 
	 164.03710938 
	 164.98828125 
	 165.56835938 
	 166.59765625 
	 167.78906250 
	 169.55078125 
	 170.21289063 
	 170.52539063 
	 170.58007813 
	 170.37890625 
	 170.91406250 
	 170.10546875 
	 168.06445313 
	 167.12500000 
	 167.71875000 
	 171.23437500 
	 176.81250000 
	 184.01367188 
	 190.74218750 
	 198.06640625 
	 205.10351563 
	 211.78320313 
	 217.35546875 
	 221.93750000 
	 225.52539063 
	 228.12109375 
	 231.09179688 
	 232.55468750 
	 233.34179688 
	 233.52148438 
	 233.80859375 
	 234.84570313 
	 235.38476563 
	 235.42187500 
	 234.63867188 
	 234.64843750 
	 235.61914063 
	 236.55468750 
	 236.65625000 
	 235.97070313 
	 236.26757813 
	 236.58203125 
	 237.22656250 
	 236.59179688 
	 234.83984375 
	 232.22851563 
	 229.29296875 
	 227.16210938 
	 223.40234375 
	 217.93554688 
	 209.06250000 
	 198.43554688 
	 185.67968750 
	 174.55273438 
	 163.34375000 
	 154.22070313 
	 146.46875000 
	 140.41992188 
	 140.84179688 
	 143.03125000 
	 143.51757813 
	 144.16992188 
	 145.19921875 
	 146.58593750 
	 149.38671875 
	 150.27343750 
	 150.21289063 
	 149.84375000 
	 150.93750000 
	 151.80273438 
	 152.47460938 
	 152.75000000 
	 152.02343750 
	 152.30468750 
	 153.14257813 
	 152.69726563 
	 151.90039063 
	 149.70312500 
	 148.69140625 
	 148.35742188 
	 147.69531250 
	 145.71679688 
	 145.63476563 
	 145.96679688 
	 145.54101563 
	 145.95898438 
	 145.18164063 
	 144.81054688 
	 142.87890625 
	 144.06054688 
	 146.68945313 
	 148.07812500 
	 149.33203125 
	 148.30468750 
	 147.58007813 
	 147.39257813 
	 149.18359375 
	 148.92773438 
	 149.09960938 
	 148.74804688 
	 150.31445313 
	 152.84375000 
	 153.60937500 
	 153.56250000 
	 152.83203125 
	 152.10156250 
	 152.18945313 
	 154.95117188 
	 158.87109375 
	 161.33398438 
	 163.22656250 
	 162.31054688 
	 163.83203125 
	 165.43554688 
	 166.37500000 
	 166.95507813 
	 166.88085938 
	 167.07226563 
	 166.25585938 
	 165.85937500 
	 164.80468750 
	 162.66601563 
	 161.43359375 
	 161.75585938 
	 160.60351563 
	 158.29296875 
	 158.47460938 
	 157.83789063 
	 156.82812500 
	 156.30664063 
	 155.81054688 
	 155.80664063 
	 156.85742188 
	 158.28320313 
	 158.01953125 
	 159.00585938 
	 159.99218750 
	 158.71875000 
	 158.32617188 
	 161.09375000 
	 161.14843750 
	 159.14843750 
	 160.04296875 
	 161.21289063 
	 164.09179688 
	 167.18164063 
	 168.26757813 
	 167.23437500 
	 166.25585938 
	 166.98046875 
	 166.86328125 
	 165.21289063 
	 162.64843750 
	 161.98242188 
	 161.00195313 
	 160.96289063 
	 159.07226563 
	 155.90234375 
	 153.10937500 
	 152.97070313 
	 154.50585938 
	 156.29687500 
	 156.18750000 
	 154.71679688 
	 153.18554688 
	 151.45312500 
	 151.21093750 
	 150.60937500 
	 148.24414063 
	 145.28125000 
	 144.81640625 
	 145.73437500 
	 145.58789063 
	 145.36328125 
	 144.05859375 
	 143.84179688 
	 144.83593750 
	 147.85937500 
	 151.74804688 
	 151.78125000 
	 149.10351563 
	 148.42773438 
	 149.28906250 
	 149.23437500 
	 149.31054688 
	 148.50195313 
	 149.05078125 
	 151.47656250 
	 151.99414063 
	 151.32031250 
	 151.04296875 
	 150.35546875 
	 151.34960938 
	 153.31835938 
	 154.55273438 
	 154.27734375 
	 154.87304688 
	 154.98828125 
	 156.24804688 
	 155.90429688 
	 155.78125000 
	 153.69335938 
	 153.99023438 
	 155.16992188 
	 158.91992188 
	 162.77148438 
	 163.90820313 
	 163.87500000 
	 165.20507813 
	 168.28320313 
	 172.46093750 
	 172.08398438 
	 172.36914063 
	 174.59960938 
	 177.49218750 
	 179.71875000 
	 181.23046875 
	 182.58203125 
	 183.05664063 
	 184.56835938 
	 185.36523438 
	 184.87500000 
	 183.71484375 
	 182.89843750 
	 182.93164063 
	 184.15039063 
	 185.16015625 
	 186.68359375 
	 189.39843750 
	 192.47656250 
	 195.73242188 
	 198.35351563 
	 200.07031250 
	 201.25976563 
	 202.14257813 
	 202.85742188 
	 203.27929688 
	 203.86328125 
	 203.03515625 
	 204.03515625 
	 204.99414063 
	 205.77539063 
	 205.82812500 
	 204.81640625 
	 204.43164063 
	 204.99609375 
	 206.80664063 
	 207.60546875 
	 206.30859375 
	 204.65039063 
	 204.60156250 
	 205.24023438 
	 205.88671875 
	 206.10351563 
	 205.30859375 
	 205.08984375 
	 206.59375000 
	 208.71679688 
	 209.27734375 
	 209.13867188 
	 209.37304688 
	 210.21289063 
	 211.69140625 
	 212.35351563 
	 212.20507813 
	 211.08203125 
	 211.22656250 
	 211.50585938 
	 211.70312500 
	 211.76953125 
	 210.85546875 
	 210.53125000 
	 210.55664063 
	 212.10156250 
	 212.57421875 
	 212.55468750 
	 211.99218750 
	 212.15039063 
	 213.61914063 
	 214.74023438 
	 215.90234375 
	 215.97851563 
	 216.02734375 
	 216.45703125 
	 217.06250000 
	 217.18359375 
	 216.54101563 
	 216.60742188 
	 216.73046875 
	 218.00195313 
	 218.21484375 
	 217.55664063 
	 216.79101563 
	 216.74218750 
	 217.27148438 
	 217.92187500 
	 217.85546875 
	 217.23632813 
	 216.76562500 
	 217.17968750 
	 217.07617188 
	 215.57812500 
	 214.35156250 
	 213.08593750 
	 211.51953125 
	 211.40820313 
	 210.26757813 
	 208.81250000 
	 206.37890625 
	 204.42578125 
	 203.18554688 
	 202.40039063 
	 201.47656250 
	 199.88671875 
	 198.47070313 
	 196.95312500 
	 196.59960938 
	 196.33984375 
	 195.89843750 
	 195.45703125 
	 196.07421875 
	 197.82421875 
	 199.22070313 
	 200.27343750 
	 199.75000000 
	 199.66210938 
	 199.55664063 
	 198.28906250 
	 196.98632813 
	 194.37304688 
	 192.82812500 
	 191.85546875 
	 191.11328125 
	 189.04687500 
	 187.33007813 
	 184.86328125 
	 182.57617188 
	 181.35351563 
	 182.08593750 
	 181.83789063 
	 181.48046875 
	 180.73437500 
	 179.11718750 
	 179.69335938 
	 180.28125000 
	 178.53515625 
	 178.36718750 
	 177.44531250 
	 179.47851563 
	 179.55078125 
	 179.92382813 
	 178.42773438 
	 174.84179688 
	 173.35937500 
	 175.51367188 
	 177.11718750 
	 177.56250000 
	 174.99414063 
	 174.83203125 
	 174.60937500 
	 172.91210938 
	 171.43164063 
	 171.44921875 
	 173.37109375 
	 176.74414063 
	 178.66406250 
	 179.12304688 
	 176.86523438 
	 173.97265625 
	 170.67578125 
	 169.45898438 
	 169.81640625 
	 168.94335938 
	 169.07226563 
	 170.12695313 
	 172.29101563 
	 173.25390625 
	 174.03125000 
	 173.96679688 
	 175.37695313 
	 177.33789063 
	 178.86132813 
	 179.01757813 
	 178.45898438 
	 178.41015625 
	 179.28906250 
	 180.47851563 
	 181.28710938 
	 181.18359375 
	 180.56835938 
	 180.67187500 
	 181.95703125 
	 182.68554688 
	 183.04687500 
	 181.94921875 
	 182.50781250 
	 183.28515625 
	 184.04492188 
	 183.49023438 
	 183.16210938 
	 182.83007813 
	 183.07617188 
	 183.72656250 
	 183.40429688 
	 182.20312500 
	 180.13085938 
	 177.79101563 
	 176.94531250 
	 176.63085938 
	 178.62109375 
	 178.51367188 
	 179.11718750 
	 180.45898438 
	 180.66992188 
	 180.84375000 
	 180.35546875 
	 179.58593750 
	 179.86718750 
	 180.75781250 
	 181.10351563 
	 180.83789063 
	 180.39453125 
	 180.97460938 
	 182.66992188 
	 183.76953125 
	 184.59375000 
	 184.25390625 
	 184.13867188 
	 184.47460938 
	 184.37109375 
	 184.16601563 
	 182.29687500 
	 180.97070313 
	 180.43945313 
	 181.08593750 
	 181.02148438 
	 180.76562500 
	 180.88867188 
	 181.43359375 
	 182.80273438 
	 184.26171875 
	 185.46484375 
	 185.21875000 
	 185.13085938 
	 184.99023438 
	 186.16015625 
	 186.64062500 
	 185.94335938 
	 185.69531250 
	 186.12695313 
	 187.17382813 
	 187.43750000 
	 187.13476563 
	 185.86132813 
	 185.72656250 
	 185.87500000 
	 186.52148438 
	 186.25976563 
	 185.08203125 
	 184.64843750 
	 184.60156250 
	 184.87890625 
	 184.74609375 
	 184.43945313 
	 183.71875000 
	 183.53125000 
	 184.70117188 
	 184.71093750 
	 185.02734375 
	 184.30664063 
	 184.24218750 
	 184.65429688 
	 185.06640625 
	 185.02539063 
	 184.39453125 
	 183.71875000 
	 183.48046875 
	 184.12500000 
	 183.57617188 
	 182.90625000 
	 181.72460938 
	 181.12500000 
	 181.16210938 
	 181.23437500 
	 180.65234375 
	 179.51562500 
	 178.95898438 
	 178.73632813 
	 179.41992188 
	 179.26171875 
	 178.15039063 
	 177.65234375 
	 177.64062500 
	 178.70898438 
	 178.35156250 
	 178.00585938 
	 177.56250000 
	 177.66015625 
	 178.38671875 
	 178.90234375 
	 178.65039063 
	  65.91210938 
	  65.91210938 
	  66.97070313 
	  66.82812500 
	  66.68554688 
	  66.96484375 
	  66.86523438 
	  68.60546875 
	  69.76171875 
	  70.75390625 
	  72.44726563 
	  74.75585938 
	  77.27929688 
	  78.74609375 
	  80.80859375 
	  80.84570313 
	  82.76367188 
	  83.94531250 
	  84.44531250 
	  84.05664063 
	  82.95703125 
	  81.50976563 
	  79.63671875 
	  78.01757813 
	  75.68164063 
	  74.25781250 
	  74.47851563 
	  77.65429688 
	  82.87500000 
	  88.65234375 
	  94.77929688 
	 100.94726563 
	 107.32031250 
	 114.81054688 
	 121.29492188 
	 127.72656250 
	 133.12695313 
	 137.97656250 
	 141.93359375 
	 145.27343750 
	 147.45312500 
	 149.07617188 
	 149.22851563 
	 149.96679688 
	 150.34570313 
	 150.76953125 
	 150.79492188 
	 150.66992188 
	 151.00195313 
	 151.24804688 
	 151.40039063 
	 151.54101563 
	 151.24609375 
	 148.91210938 
	 145.78515625 
	 141.30664063 
	 135.74218750 
	 130.34179688 
	 123.97070313 
	 116.09179688 
	 107.69726563 
	  98.08984375 
	  87.83593750 
	  79.20117188 
	  71.60546875 
	  64.31054688 
	  58.56054688 
	  52.37109375 
	  46.79492188 
	  47.13476563 
	  49.07812500 
	  50.13476563 
	  51.60546875 
	  52.40429688 
	  53.15429688 
	  54.83398438 
	  56.04882813 
	  56.55273438 
	  56.86914063 
	  56.57421875 
	  56.74609375 
	  57.24023438 
	  58.63281250 
	  58.75585938 
	  59.52148438 
	  58.60937500 
	  59.20312500 
	  59.50976563 
	  58.00976563 
	  58.37890625 
	  58.18554688 
	  56.87695313 
	  56.33203125 
	  57.41796875 
	  57.67968750 
	  57.16796875 
	  57.24218750 
	  57.14843750 
	  57.07812500 
	  56.00000000 
	  57.14648438 
	  58.58984375 
	  59.32617188 
	  61.57421875 
	  62.50195313 
	  61.57421875 
	  59.87500000 
	  61.01171875 
	  61.42773438 
	  62.71484375 
	  63.22265625 
	  64.90039063 
	  66.32031250 
	  67.53710938 
	  69.49804688 
	  68.77343750 
	  68.28710938 
	  67.17578125 
	  69.24804688 
	  76.12500000 
	  82.51562500 
	  85.28906250 
	  83.33398438 
	  84.58593750 
	  87.37500000 
	  90.42578125 
	  92.26562500 
	  92.59375000 
	  89.34960938 
	  87.63085938 
	  87.19531250 
	  87.85156250 
	  86.19140625 
	  83.89062500 
	  83.53515625 
	  81.78125000 
	  81.07031250 
	  80.76367188 
	  79.85351563 
	  75.46875000 
	  74.04492188 
	  75.40820313 
	  73.81250000 
	  73.30664063 
	  73.08984375 
	  73.01757813 
	  75.08203125 
	  77.11718750 
	  74.65820313 
	  73.83007813 
	  76.46679688 
	  76.78906250 
	  74.37890625 
	  76.21484375 
	  78.11718750 
	  81.84179688 
	  87.37304688 
	  90.15039063 
	  88.67968750 
	  88.14257813 
	  86.46875000 
	  85.20117188 
	  83.13085938 
	  83.47656250 
	  82.96679688 
	  81.75390625 
	  79.84765625 
	  77.53515625 
	  74.27734375 
	  72.61718750 
	  72.52539063 
	  73.33593750 
	  75.14257813 
	  76.24218750 
	  73.73046875 
	  72.53906250 
	  69.13671875 
	  68.35351563 
	  66.85156250 
	  64.86523438 
	  62.01757813 
	  61.68359375 
	  61.72656250 
	  62.17773438 
	  63.55468750 
	  63.11132813 
	  62.75195313 
	  62.23046875 
	  63.80468750 
	  66.89257813 
	  67.52929688 
	  66.03515625 
	  65.01562500 
	  64.85742188 
	  65.03710938 
	  66.29882813 
	  65.95312500 
	  66.39648438 
	  66.97851563 
	  66.98632813 
	  68.18945313 
	  69.16015625 
	  68.79882813 
	  68.25585938 
	  70.04492188 
	  71.27343750 
	  72.38281250 
	  73.21679688 
	  72.45312500 
	  73.15234375 
	  73.71093750 
	  74.12500000 
	  72.83007813 
	  73.44921875 
	  73.30273438 
	  77.17968750 
	  82.19335938 
	  83.06640625 
	  81.64843750 
	  81.31054688 
	  84.52539063 
	  87.45898438 
	  86.96875000 
	  87.29882813 
	  88.73046875 
	  90.05859375 
	  91.77539063 
	  94.82421875 
	  95.86328125 
	  95.75976563 
	  95.60351563 
	  96.27539063 
	  96.00000000 
	  96.45898438 
	  96.12109375 
	  96.68359375 
	  97.13281250 
	  98.31250000 
	 100.54882813 
	 103.50390625 
	 105.46875000 
	 106.59179688 
	 108.62695313 
	 109.86523438 
	 110.79296875 
	 112.06835938 
	 112.09570313 
	 112.42187500 
	 112.74218750 
	 112.95898438 
	 115.19335938 
	 117.25976563 
	 117.26367188 
	 117.06445313 
	 116.52734375 
	 117.15234375 
	 117.81250000 
	 119.77929688 
	 120.00781250 
	 119.42578125 
	 119.18945313 
	 119.89843750 
	 119.52343750 
	 119.40039063 
	 119.89648438 
	 119.60351563 
	 119.77929688 
	 121.26562500 
	 122.83789063 
	 123.61132813 
	 124.80078125 
	 125.15039063 
	 126.01757813 
	 126.77148438 
	 127.14062500 
	 126.34179688 
	 126.00585938 
	 126.47265625 
	 126.42968750 
	 125.59179688 
	 124.63671875 
	 124.18164063 
	 123.49609375 
	 123.39453125 
	 123.11523438 
	 123.25585938 
	 123.22460938 
	 123.14648438 
	 123.90039063 
	 123.90625000 
	 125.34765625 
	 127.25781250 
	 128.49023438 
	 128.51367188 
	 128.68945313 
	 128.32812500 
	 128.15429688 
	 129.45898438 
	 130.05859375 
	 130.50195313 
	 131.21289063 
	 132.47460938 
	 132.74609375 
	 133.24804688 
	 134.19726563 
	 134.58984375 
	 136.05273438 
	 137.46875000 
	 139.50781250 
	 141.45312500 
	 143.30859375 
	 143.85937500 
	 144.87109375 
	 145.52148438 
	 145.96484375 
	 144.76953125 
	 142.42773438 
	 139.97070313 
	 137.79492188 
	 135.33007813 
	 133.32421875 
	 130.58203125 
	 129.44140625 
	 128.21093750 
	 127.32031250 
	 126.18750000 
	 124.60742188 
	 122.38671875 
	 121.60156250 
	 122.42187500 
	 122.37109375 
	 122.61718750 
	 122.98046875 
	 123.21484375 
	 123.82812500 
	 124.71093750 
	 124.73437500 
	 123.33203125 
	 121.50390625 
	 120.24023438 
	 118.52929688 
	 117.05078125 
	 115.46289063 
	 113.62500000 
	 111.40625000 
	 110.04101563 
	 108.77539063 
	 106.62500000 
	 105.88281250 
	 106.95507813 
	 107.62890625 
	 109.57812500 
	 109.17968750 
	 106.74609375 
	 106.11132813 
	 107.06445313 
	 106.60546875 
	 108.00195313 
	 106.71679688 
	 106.52343750 
	 105.28515625 
	 105.30468750 
	 103.79492188 
	 100.49804688 
	  98.72851563 
	 100.23632813 
	 102.81640625 
	 103.93750000 
	 100.42773438 
	 100.74023438 
	 100.46679688 
	  98.70507813 
	  98.00000000 
	  99.33789063 
	 101.72656250 
	 104.98828125 
	 106.29492188 
	 106.92773438 
	 104.78125000 
	 100.63867188 
	  95.60546875 
	  93.35351563 
	  93.15625000 
	  92.84765625 
	  93.22851563 
	  93.56250000 
	  95.11132813 
	  95.61718750 
	  97.34765625 
	  98.04492188 
	  99.65429688 
	 100.00585938 
	 101.50585938 
	 102.18164063 
	 103.03125000 
	 103.61132813 
	 103.82421875 
	 104.41406250 
	 105.83007813 
	 107.21093750 
	 107.27539063 
	 108.03710938 
	 108.43750000 
	 109.39062500 
	 110.43945313 
	 110.29882813 
	 110.92578125 
	 110.83007813 
	 111.34570313 
	 111.31054688 
	 111.63476563 
	 110.99804688 
	 110.74804688 
	 110.36132813 
	 109.95898438 
	 109.39648438 
	 107.19140625 
	 104.65039063 
	 101.16015625 
	 100.99804688 
	 103.09960938 
	 104.23242188 
	 105.64843750 
	 105.99804688 
	 105.90234375 
	 106.13867188 
	 106.90625000 
	 106.53515625 
	 106.21484375 
	 106.50390625 
	 107.21289063 
	 107.66406250 
	 108.45507813 
	 109.11914063 
	 109.70312500 
	 110.71679688 
	 111.80468750 
	 112.68945313 
	 112.75585938 
	 113.01562500 
	 112.63085938 
	 112.86718750 
	 111.81640625 
	 110.84570313 
	 110.01757813 
	 109.72265625 
	 109.95507813 
	 109.87500000 
	 110.12500000 
	 110.72265625 
	 111.00000000 
	 111.75000000 
	 112.82812500 
	 113.14062500 
	 113.22851563 
	 113.32031250 
	 113.49609375 
	 113.63476563 
	 114.37109375 
	 114.44531250 
	 114.83593750 
	 114.71875000 
	 114.76953125 
	 115.23046875 
	 114.59765625 
	 114.12304688 
	 113.95507813 
	 113.42578125 
	 113.72265625 
	 113.85937500 
	 113.52539063 
	 113.60156250 
	 113.31835938 
	 112.80273438 
	 113.26953125 
	 113.30468750 
	 113.16601563 
	 113.41796875 
	 113.58203125 
	 113.95898438 
	 114.64453125 
	 114.80468750 
	 114.80078125 
	 114.48242188 
	 114.82226563 
	 114.57617188 
	 114.58593750 
	 114.56640625 
	 114.27734375 
	 113.76171875 
	 113.77539063 
	 113.33789063 
	 112.99414063 
	 112.68554688 
	 111.99023438 
	 112.17382813 
	 111.98437500 
	 112.16406250 
	 111.13671875 
	 110.90820313 
	 110.81250000 
	 110.28906250 
	 110.49414063 
	 110.55078125 
	 109.94335938 
	 109.52148438 
	 109.44921875 
	 109.68945313 
	 109.93554688 
	 110.08789063 
	 109.37695313 
	 109.57812500 
	  81.17968750 
	  81.17968750 
	  81.23242188 
	  81.18945313 
	  81.22656250 
	  82.04687500 
	  81.55664063 
	  83.19726563 
	  84.44335938 
	  85.03125000 
	  86.37109375 
	  88.35742188 
	  89.69140625 
	  90.90625000 
	  92.30468750 
	  91.99414063 
	  93.13085938 
	  94.03515625 
	  93.50781250 
	  93.07812500 
	  91.54101563 
	  90.31054688 
	  88.71679688 
	  87.77734375 
	  86.38671875 
	  84.42187500 
	  83.43750000 
	  84.15429688 
	  86.42382813 
	  88.72851563 
	  91.04687500 
	  93.05273438 
	  96.00781250 
	 100.83203125 
	 103.72265625 
	 106.54296875 
	 110.11328125 
	 112.29492188 
	 115.18945313 
	 116.69140625 
	 117.25390625 
	 118.21679688 
	 117.98828125 
	 118.71093750 
	 118.87500000 
	 119.88671875 
	 118.98046875 
	 119.03710938 
	 118.58007813 
	 118.66601563 
	 119.14453125 
	 119.27734375 
	 118.45703125 
	 117.09765625 
	 115.16796875 
	 113.02343750 
	 109.46093750 
	 107.37695313 
	 103.34375000 
	  99.37304688 
	  94.85351563 
	  91.91015625 
	  87.62695313 
	  86.61718750 
	  84.74023438 
	  83.03125000 
	  81.74023438 
	  79.08007813 
	  74.91015625 
	  75.23632813 
	  76.21679688 
	  75.85546875 
	  76.99804688 
	  76.99218750 
	  78.30468750 
	  79.50585938 
	  79.59179688 
	  79.49804688 
	  79.54492188 
	  79.88085938 
	  79.95312500 
	  80.15234375 
	  81.23632813 
	  82.16210938 
	  82.66406250 
	  82.19335938 
	  83.29687500 
	  84.11328125 
	  82.52929688 
	  83.76953125 
	  83.60546875 
	  82.51757813 
	  82.85546875 
	  84.19140625 
	  83.85351563 
	  83.42382813 
	  83.94726563 
	  84.37109375 
	  84.33203125 
	  83.14453125 
	  84.41406250 
	  85.85742188 
	  86.76953125 
	  88.51757813 
	  89.01953125 
	  87.75000000 
	  86.48632813 
	  86.92773438 
	  87.32031250 
	  87.95507813 
	  88.57617188 
	  89.94921875 
	  90.66210938 
	  91.45898438 
	  92.69531250 
	  93.54687500 
	  93.78125000 
	  93.70117188 
	  94.05273438 
	  97.67773438 
	 102.85351563 
	 104.67968750 
	 101.99609375 
	 102.55859375 
	 104.59375000 
	 106.61914063 
	 108.01757813 
	 108.83593750 
	 105.72851563 
	 104.34179688 
	 103.21093750 
	 104.60156250 
	 103.50195313 
	 102.62500000 
	 103.38476563 
	 101.66601563 
	 100.82226563 
	 101.19726563 
	 102.03906250 
	  97.91992188 
	  97.31054688 
	  98.48242188 
	  97.53125000 
	  97.16015625 
	  97.48046875 
	  97.28515625 
	  99.64843750 
	 102.72070313 
	  99.59375000 
	  98.83203125 
	 101.56640625 
	 102.82617188 
	 100.26953125 
	 102.55078125 
	 103.59179688 
	 105.51171875 
	 110.60156250 
	 112.56640625 
	 111.05664063 
	 110.04882813 
	 109.08203125 
	 108.44921875 
	 106.35351563 
	 106.32421875 
	 105.12500000 
	 104.47070313 
	 103.24218750 
	 100.95507813 
	  97.56250000 
	  95.91992188 
	  94.98046875 
	  95.59375000 
	  97.40820313 
	  97.98828125 
	  95.59765625 
	  93.85546875 
	  91.19140625 
	  90.53515625 
	  88.75195313 
	  86.96679688 
	  84.15625000 
	  84.51562500 
	  84.66796875 
	  85.63867188 
	  86.25390625 
	  86.31640625 
	  85.59765625 
	  85.29492188 
	  85.67773438 
	  86.32617188 
	  86.72070313 
	  86.58984375 
	  86.78515625 
	  86.50781250 
	  86.84570313 
	  86.91015625 
	  86.91406250 
	  86.99804688 
	  88.06445313 
	  87.57031250 
	  88.00195313 
	  89.49218750 
	  89.33398438 
	  88.90039063 
	  90.23437500 
	  90.42773438 
	  92.03710938 
	  92.02148438 
	  91.83398438 
	  91.81835938 
	  92.98046875 
	  93.76953125 
	  92.86523438 
	  93.83398438 
	  92.92187500 
	  94.64062500 
	  98.85546875 
	  99.41210938 
	  97.87500000 
	  96.97656250 
	  98.52929688 
	 101.44140625 
	  99.61328125 
	  99.41406250 
	  99.91015625 
	 100.80859375 
	 101.65234375 
	 103.64062500 
	 104.38085938 
	 103.45507813 
	 103.15234375 
	 103.90429688 
	 103.63476563 
	 104.04296875 
	 103.37695313 
	 104.96875000 
	 105.33398438 
	 105.70703125 
	 107.19531250 
	 109.29687500 
	 110.32812500 
	 110.52929688 
	 111.69140625 
	 113.12695313 
	 113.10156250 
	 114.19335938 
	 114.85351563 
	 115.21289063 
	 115.82617188 
	 115.77343750 
	 117.43750000 
	 119.68554688 
	 119.60546875 
	 119.29882813 
	 119.30468750 
	 120.29882813 
	 119.92968750 
	 122.18359375 
	 122.69531250 
	 122.12890625 
	 122.64648438 
	 123.35742188 
	 122.66601563 
	 122.20898438 
	 122.08789063 
	 121.48437500 
	 121.38476563 
	 122.11718750 
	 123.30468750 
	 124.24023438 
	 125.37304688 
	 124.74804688 
	 124.40234375 
	 125.32617188 
	 125.44921875 
	 124.86132813 
	 125.19726563 
	 125.38281250 
	 124.83984375 
	 124.03906250 
	 123.78320313 
	 123.61328125 
	 122.36914063 
	 122.43750000 
	 121.66210938 
	 122.29101563 
	 122.42773438 
	 122.49804688 
	 122.38867188 
	 121.83398438 
	 123.25195313 
	 124.88867188 
	 125.48242188 
	 124.86718750 
	 125.25000000 
	 125.02148438 
	 124.79296875 
	 126.05273438 
	 126.02929688 
	 125.95703125 
	 126.80468750 
	 127.76367188 
	 128.45898438 
	 128.83203125 
	 129.70507813 
	 129.81640625 
	 131.02734375 
	 132.61328125 
	 134.55468750 
	 136.31835938 
	 137.39648438 
	 137.99804688 
	 138.73437500 
	 138.93164063 
	 140.31054688 
	 138.75390625 
	 137.00976563 
	 134.83593750 
	 132.97070313 
	 132.21875000 
	 130.58789063 
	 128.19140625 
	 128.01171875 
	 126.97656250 
	 126.77343750 
	 125.74023438 
	 125.46093750 
	 123.96093750 
	 123.13085938 
	 124.00781250 
	 124.51562500 
	 123.81445313 
	 124.11328125 
	 124.21484375 
	 124.06054688 
	 124.94921875 
	 124.37695313 
	 122.91015625 
	 121.75195313 
	 120.89062500 
	 119.36132813 
	 117.78515625 
	 116.14648438 
	 115.48046875 
	 113.52539063 
	 113.00000000 
	 112.28320313 
	 111.15429688 
	 111.58007813 
	 112.20703125 
	 113.26367188 
	 114.43359375 
	 114.97460938 
	 112.90429688 
	 112.28710938 
	 113.54296875 
	 113.64843750 
	 114.87890625 
	 113.53710938 
	 113.75195313 
	 112.72265625 
	 112.75781250 
	 112.44726563 
	 109.63867188 
	 108.78710938 
	 108.79101563 
	 110.41601563 
	 111.67968750 
	 109.06640625 
	 109.19726563 
	 109.20117188 
	 108.13281250 
	 107.67773438 
	 108.78710938 
	 108.80078125 
	 111.76171875 
	 111.12109375 
	 111.15039063 
	 109.09375000 
	 105.51562500 
	 102.13476563 
	 100.17578125 
	  99.91015625 
	  99.49414063 
	  99.34179688 
	  98.89257813 
	  99.52148438 
	  99.58593750 
	 100.68750000 
	 101.40234375 
	 101.83984375 
	 102.28710938 
	 103.41210938 
	 103.71093750 
	 104.01562500 
	 104.81835938 
	 105.40429688 
	 105.50390625 
	 107.10937500 
	 108.22851563 
	 108.54492188 
	 109.44140625 
	 109.69335938 
	 110.43359375 
	 110.81445313 
	 111.31445313 
	 111.05664063 
	 111.14843750 
	 111.21875000 
	 112.33789063 
	 111.78906250 
	 111.24023438 
	 110.55078125 
	 110.08203125 
	 109.47070313 
	 108.54101563 
	 107.35546875 
	 105.68359375 
	 102.87304688 
	 102.64843750 
	 103.38476563 
	 104.40234375 
	 104.27343750 
	 104.58984375 
	 104.21093750 
	 104.82617188 
	 105.15820313 
	 105.21093750 
	 104.12890625 
	 104.18554688 
	 104.89648438 
	 105.47656250 
	 106.01171875 
	 106.36523438 
	 106.37500000 
	 106.95117188 
	 107.87304688 
	 108.05273438 
	 107.73046875 
	 108.08007813 
	 108.46875000 
	 108.15234375 
	 108.74218750 
	 108.25585938 
	 107.96484375 
	 107.24804688 
	 107.79687500 
	 108.04101563 
	 108.38867188 
	 107.82031250 
	 107.77929688 
	 108.38476563 
	 108.33398438 
	 108.61328125 
	 108.50781250 
	 108.58984375 
	 108.60156250 
	 108.33789063 
	 109.43750000 
	 109.00781250 
	 108.97070313 
	 108.89843750 
	 108.73632813 
	 110.24804688 
	 108.85351563 
	 108.77539063 
	 108.78320313 
	 108.39843750 
	 109.06250000 
	 109.80859375 
	 109.05078125 
	 109.66210938 
	 109.59765625 
	 109.45117188 
	 109.81054688 
	 110.08203125 
	 110.03906250 
	 110.60351563 
	 111.22851563 
	 111.91406250 
	 111.95898438 
	 112.48437500 
	 112.31640625 
	 112.64843750 
	 112.33398438 
	 113.03125000 
	 112.46289063 
	 113.01367188 
	 112.16601563 
	 112.39257813 
	 112.04296875 
	 111.73046875 
	 111.59960938 
	 111.41601563 
	 110.88281250 
	 111.47070313 
	 110.83789063 
	 111.14843750 
	 110.12890625 
	 110.43945313 
	 110.12304688 
	 110.27539063 
	 110.01757813 
	 110.17187500 
	 109.61718750 
	 109.55664063 
	 109.11523438 
	 109.60351563 
	 109.81054688 
	 109.80273438 
	 109.15234375 
	 109.98242188 
